2024_accap_accap_accap_a3_f20_t10.json,2024/accap/accap.mzn,2024/accap/accap_a3_f20_t10.json,unknown,4,,,105,0,false,false,,
